

========================================================
===================== Test         =====================
========================================================

	Random Forest Classifier
Accuracy: 	0.95556
Precision: 	0.76667
Recall:  	0.76667
Specificity: 	0.97544
Sensitivity: 	0.76667
Confusion Matrix: 
[[278   7]
 [  7  23]]
	Year  |  Predicted Fraction
	---------------------------
	2002  | 	 0.000000
	2003  | 	 0.000000
	2004  | 	 0.000000
	2005  | 	 0.000000
	2006  | 	 0.000000
	2007  | 	 0.000000
	2008  | 	 0.000000
	2009  | 	 0.000000
	2010  | 	 0.055556
	2011  | 	 0.173913
	2012  | 	 0.054054
	2013  | 	 0.187500
	2014  | 	 0.066667
	2015  | 	 0.121212
	2016  | 	 0.125000
	2017  | 	 0.166667


	XGBoost Classifier
Accuracy: 	0.94286
Precision: 	0.75000
Recall:  	0.60000
Specificity: 	0.97895
Sensitivity: 	0.60000
Confusion Matrix: 
[[279   6]
 [ 12  18]]
	Year  |  Predicted Fraction
	---------------------------
	2002  | 	 0.000000
	2003  | 	 0.000000
	2004  | 	 0.000000
	2005  | 	 0.000000
	2006  | 	 0.000000
	2007  | 	 0.000000
	2008  | 	 0.142857
	2009  | 	 0.000000
	2010  | 	 0.055556
	2011  | 	 0.130435
	2012  | 	 0.054054
	2013  | 	 0.125000
	2014  | 	 0.033333
	2015  | 	 0.121212
	2016  | 	 0.125000
	2017  | 	 0.095238


========================================================
===================== Training     =====================
========================================================

	Random Forest Classifier
Accuracy: 	0.98650
Precision: 	0.83962
Recall:  	1.00000
Specificity: 	0.98547
Sensitivity: 	1.00000
Confusion Matrix: 
[[1153   17]
 [   0   89]]
	Year  |  Predicted Fraction
	---------------------------
	2002  | 	 0.000000
	2003  | 	 0.000000
	2004  | 	 0.027027
	2005  | 	 0.000000
	2006  | 	 0.024390
	2007  | 	 0.043478
	2008  | 	 0.090909
	2009  | 	 0.098592
	2010  | 	 0.029412
	2011  | 	 0.058140
	2012  | 	 0.059524
	2013  | 	 0.112360
	2014  | 	 0.127451
	2015  | 	 0.138211
	2016  | 	 0.151261
	2017  | 	 0.097403


	XGBoost Classifier
Accuracy: 	0.98491
Precision: 	0.90698
Recall:  	0.87640
Specificity: 	0.99316
Sensitivity: 	0.87640
Confusion Matrix: 
[[1162    8]
 [  11   78]]
	Year  |  Predicted Fraction
	---------------------------
	2002  | 	 0.000000
	2003  | 	 0.000000
	2004  | 	 0.000000
	2005  | 	 0.000000
	2006  | 	 0.024390
	2007  | 	 0.043478
	2008  | 	 0.054545
	2009  | 	 0.056338
	2010  | 	 0.029412
	2011  | 	 0.058140
	2012  | 	 0.035714
	2013  | 	 0.112360
	2014  | 	 0.117647
	2015  | 	 0.113821
	2016  | 	 0.126050
	2017  | 	 0.077922
